J1 - [[0,1,4],[0,3,4],[1,2,4],[2,3,4],[0,1,2,3]]   | n=5
J2 - [[0,1,5],[1,2,5],[2,3,5],[3,4,5],[0,4,5],[0,1,2,3,4]]   | n=6
J3 - [[0,5,6],[1,2,7],[3,4,8],[6,7,8],[0,1,6,7],[2,3,7,8],[4,5,6,8],[0,1,2,3,4,5]]   | n=9
J4 - [[0,1,8],[2,3,9],[4,5,10],[6,7,11],[0,7,8,11],[1,2,8,9],[3,4,9,10],[5,6,10,11],[8,9,10,11],[0,1,2,3,4,5,6,7]]   | n=12
J5 - [[0,1,10],[2,3,11],[4,5,12],[6,7,13],[8,9,14],[0,9,10,14],[1,2,10,11],[3,4,11,12],[5,6,12,13],[7,8,13,14],[10,11,12,13,14],[0,1,2,3,4,5,6,7,8,9]]   | n=15
J6 - [[0,9,10],[7,8,18],[5,6,16],[3,4,14],[1,2,12],[11,12,13],[10,11,19],[17,18,19],[15,16,17],[13,14,15],[0,1,10,11,12],[2,3,12,13,14],[4,5,14,15,16],[6,7,16,17,18],[8,9,10,18,19],[11,13,15,17,19],[0,1,2,3,4,5,6,7,8,9]]   | n=20
J7 - [[4,5,6],[3,5,6],[3,4,6],[0,1,2],[0,1,4,5],[0,2,3,4],[1,2,3,5]]   | n=7
J8 - [[5,6,8],[4,5,8],[4,7,8],[6,7,8],[1,2,5,6],[0,1,4,5],[0,3,4,7],[2,3,6,7],[0,1,2,3]]   | n=9
J9 - [[5,6,10],[6,7,10],[7,8,10],[8,9,10],[0,1,5,6],[1,2,6,7],[2,3,7,8],[3,4,8,9],[0,4,5,9],[0,1,2,3,4]]   | n=11
J10 - [[0,1,5],[1,2,6],[2,3,7],[0,3,4],[0,4,5],[1,5,6],[2,6,7],[3,4,7],[4,5,8],[5,6,8],[6,7,8],[4,7,8],[0,1,2,3]]    | n=9
J11 - [[0,1,6],[0,4,5],[0,5,6],[1,2,7],[1,6,7],[2,3,8],[2,7,8],[3,8,9],[3,4,9],[4,5,9],[5,6,10],[6,7,10],[7,8,10],[8,9,10],[0,1,2,3,4]]    | n=11
J12 - [[0,1,4],[0,4,3],[0,2,3],[1,3,4],[1,2,3],[0,1,2]]    | n=5
J13 - [[1,2,6],[2,3,6],[3,4,6],[4,5,6],[1,5,6],[0,1,2],[0,2,3],[0,3,4],[0,4,5],[0,1,5]]    | n=7
J14 - [[0,1,2],[0,1,3],[0,2,3],[4,5,7],[4,6,7],[5,6,7],[1,2,4,5],[1,3,4,6],[2,3,5,6]]    | n=8
J15 - [[0,1,2],[0,1,4],[0,2,3],[0,3,4],[5,6,9],[5,8,9],[6,7,9],[7,8,9],[1,2,5,6],[1,4,5,8],[3,4,7,8],[2,3,6,7]]    | n=10
J16 - [[0,1,2],[0,2,3],[0,1,5],[0,3,4],[0,4,5],[6,7,11],[6,10,11],[9,10,11],[8,9,11],[7,8,11],[1,2,6,7],[2,3,7,8],[3,4,8,9],[4,5,9,10],[1,5,6,10]]    | n=12
J17 - [[0,1,2],[0,1,4],[0,2,3],[0,3,4],[5,6,9],[5,8,9],[6,7,9],[7,8,9],[1,4,8],[1,5,8],[1,2,5],[2,3,6],[3,6,7],[3,4,7],[4,7,8]]    | n=10
J18 - [[12,13,14],[8,9,13],[10,11,14],[6,7,12],[0,1,6,7],[1,2,7,8],[2,3,8,9],[3,4,9,10],[4,5,10,11],[0,5,6,11],[6,11,12,13],[7,8,12,13],[9,10,13,14]]    | n=15
J19 - [[9,10,17],[11,12,18],[13,14,19],[8,15,16],[]]
J20 - [[]]
J21 - [[]]
J22 - [[]]
J23 - [[]]
J24 - [[]]
J25 - [[]]
J26 - [[]]
J27 - [[0,1,2],[0,3,8],[2,6,7],[1,4,5],[3,8,9],[9,10,11],[4,5,10],[6,7,11],[1,2,5,6],[0,1,3,4],[0,2,7,8],[3,4,9,10],[7,8,9,11],[5,6,10,11]]    | n=12
J28 - [[]]
J29 - [[]]
J30 - [[]]
J31 - [[]]
J32 - [[]]
J33 - [[]]
J34 - [[]]
J35 - [[]]
J36 - []
J37 - []
J38 - []
J39 - []
J40 - []
J41 - []
J42 - []
J43 - []
J44 - []
J45 - []
J46 - []
J47 - []
J48 - []
J49 - 
J50 - 
J51 - 
J52 - 
J53 - 
J54 - 
J55 - 
J56 - 
J57 - 
J58 - 
J59 - 
J60 - 
J61 - 
J62 - 
J63 - 
J64 - 
J65 - 
J66 - 
J67 - 
J68 - 
J69 - 
J70 - 
J71 - 
J72 - 
J73 - 
J74 - 
J75 - 
J76 - 
J77 - 
J78 - 
J79 - 
J80 - 
J81 - 
J82 - 
J83 - 
J84 - 
J85 - 
J86 - 
J87 - 
J88 - 
J89 - 
J90 - 
J91 - 
J92 -
